time	current
0.00	2.5
0.03	2.5
0.06	2.5
0.10	2.5
0.13	2.4
0.16	2.5
0.19	2.5
0.22	2.5
0.26	2.5
0.29	2.4
0.32	2.5
0.35	2.5
0.38	2.5
0.42	2.5
0.45	2.4
0.48	2.5
0.51	2.5
0.54	2.5
0.58	2.5
0.61	2.4
0.64	2.5
0.67	2.5
0.70	2.5
0.74	2.5
0.77	2.3
0.80	2.5
0.83	2.5
0.86	2.5
0.90	2.5
0.93	2.4
0.96	2.5
0.99	2.5
1.02	2.5
1.06	2.5
1.09	2.4
1.12	2.5
1.15	2.5
1.18	2.5
1.22	2.5
1.25	2.4
1.28	2.5
1.31	2.5
1.34	2.5
1.38	2.5
1.41	2.4
1.44	2.5
1.47	2.5
1.50	2.5
1.54	2.5
1.57	2.4
1.60	2.5
1.63	2.5
1.66	2.5
1.70	2.5
1.73	2.4
1.76	2.5
1.79	2.5
1.82	2.5
1.86	2.5
1.89	2.4
1.92	2.5
1.95	2.5
1.98	2.5
2.02	2.5
2.05	2.4
2.08	2.5
2.11	2.5
2.14	2.5
2.18	2.5
2.21	2.4
2.24	2.5
2.27	2.5
2.30	2.5
2.34	2.5
2.37	2.4
2.40	2.5
2.43	2.5
2.46	2.5
2.50	2.5
2.53	2.4
2.56	2.5
2.59	2.5
2.62	2.5
2.66	2.5
2.69	2.4
2.72	2.5
2.75	2.5
2.78	2.5
2.82	2.5
2.85	2.4
2.88	2.5
2.91	2.5
2.94	2.5
2.98	2.5
3.01	2.4
3.04	2.5
3.07	2.5
3.10	2.5
3.14	2.5
3.17	2.4
3.20	2.5
3.23	2.5
3.26	2.5
3.30	2.5
3.33	2.4
3.36	2.5
3.39	2.5
3.42	2.5
3.46	2.5
3.49	2.4
3.52	2.5
3.55	2.5
3.58	2.5
3.62	2.5
3.65	2.4
3.68	2.5
3.71	2.5
3.74	2.5
3.78	2.5
3.81	2.4
3.84	2.5
3.87	2.5
3.90	2.5
3.94	2.5
3.97	2.4
4.00	2.5
4.03	2.5
4.06	2.5
4.10	2.5
4.13	2.4
4.16	2.5
4.19	2.5
4.22	2.5
4.26	2.5
4.29	2.4
4.32	2.5
4.35	2.5
4.38	2.5
4.42	2.5
4.45	2.4
4.48	2.5
4.51	2.5
4.54	2.5
4.58	2.5
4.61	2.4
4.64	2.5
4.67	2.5
4.70	2.5
4.74	2.5
4.77	2.4
4.80	2.5
4.83	2.5
4.86	2.5
4.90	2.5
4.93	2.4
4.96	2.5
4.99	2.5
5.02	2.5
5.06	2.5
5.09	2.4
5.12	2.5
5.15	2.5
5.18	2.5
5.22	2.5
5.25	2.4
5.28	2.5
5.31	2.5
5.34	2.5
5.38	2.5
5.41	2.4
5.44	2.5
5.47	2.5
5.50	2.5
5.54	2.5
5.57	2.4
5.60	2.5
5.63	2.5
5.66	2.5
5.70	2.5
5.73	2.4
5.76	2.5
5.79	2.5
5.82	2.5
5.86	2.5
5.89	2.4
5.92	2.5
5.95	2.5
5.98	2.5
6.02	2.5
6.05	2.4
6.08	2.5
6.11	2.5
6.14	2.5
6.18	2.5
6.21	2.3
6.24	2.5
6.27	2.5
6.30	2.5
6.34	2.5
6.37	2.4
6.40	2.5
6.43	2.5
6.46	2.5
6.50	2.5
6.53	2.4
6.56	2.5
6.59	2.5
6.62	2.5
6.66	2.5
6.69	2.4
6.72	2.5
6.75	2.5
6.78	2.5
6.82	2.5
6.85	2.4
6.88	2.5
6.91	2.5
6.94	2.5
6.98	2.5
7.01	2.4
7.04	2.5
7.07	2.5
7.10	2.5
7.14	2.5
7.17	2.4
7.20	2.5
7.23	2.5
7.26	2.5
7.30	2.5
7.33	2.4
7.36	2.5
7.39	2.5
7.42	2.5
7.46	2.5
7.49	2.4
7.52	2.5
7.55	2.5
7.58	2.5
7.62	6.9
7.65	7.9
7.68	6.8
7.71	2.5
7.74	2.5
7.78	2.5
7.81	2.4
7.84	2.5
7.87	2.5
7.90	2.5
7.94	2.5
7.97	2.4
8.00	2.5
8.03	2.5
8.06	2.5
8.10	2.5
8.13	2.4
8.16	2.5
8.19	2.5
8.22	2.5
8.26	2.5
8.29	2.4
8.32	2.5
8.35	2.5
8.38	2.5
8.42	2.5
8.45	2.4
8.48	2.5
8.51	2.5
8.54	2.5
8.58	2.5
8.61	2.4
8.64	2.5
8.67	2.5
8.70	2.5
8.74	2.5
8.77	2.4
8.80	2.5
8.83	2.5
8.86	2.5
8.90	2.5
8.93	2.4
8.96	2.5
8.99	2.5
9.02	2.5
9.06	2.5
9.09	2.4
9.12	2.5
9.15	7.1
9.18	13.0
9.22	13.6
9.25	13.5
9.28	13.4
9.31	13.2
9.34	13.2
9.38	8.8
9.41	9.0
9.44	8.6
9.47	10.3
9.50	18.1
9.54	20.5
9.57	18.7
9.60	19.2
9.63	19.4
9.66	18.9
9.70	18.8
9.73	18.4
9.76	19.4
9.79	18.0
9.82	12.9
9.86	12.9
9.89	12.8
9.92	12.9
9.95	12.9
9.98	12.9
10.02	12.9
10.05	12.8
10.08	12.9
10.11	12.9
10.14	15.3
10.18	18.8
10.21	18.6
10.24	18.6
10.27	19.3
10.30	18.8
10.34	18.9
10.37	18.8
10.40	19.0
10.43	19.1
10.46	13.1
10.50	12.9
10.53	12.8
10.56	10.8
10.59	7.8
10.62	7.8
10.66	2.8
10.69	8.0
10.72	13.3
10.75	11.2
10.78	8.5
10.82	8.5
10.85	8.5
10.88	12.9
10.91	15.7
10.94	12.9
10.98	11.8
11.01	7.6
11.04	8.5
11.07	3.2
11.10	6.4
11.14	13.0
11.17	12.6
11.20	7.9
11.23	8.8
11.26	8.7
11.30	11.8
11.33	18.6
11.36	18.6
11.39	18.6
11.42	17.2
11.46	12.9
11.49	12.8
11.52	12.9
11.55	12.9
11.58	12.9
11.62	12.9
11.65	12.8
11.68	12.9
11.71	12.9
11.74	12.9
11.78	12.9
11.81	12.8
11.84	12.9
11.87	12.9
11.90	12.9
11.94	12.9
11.97	12.8
12.00	12.9
12.03	12.9
12.06	12.9
12.10	12.9
12.13	12.8
12.16	12.9
12.19	12.9
12.22	12.9
12.26	12.9
12.29	12.8
12.32	12.9
12.35	12.9
12.38	9.1
12.42	8.2
12.45	5.8
12.48	3.9
12.51	10.4
12.54	13.5
12.58	9.7
12.61	8.4
12.64	8.5
12.67	9.6
12.70	15.2
12.74	13.8
12.77	12.8
12.80	10.1
12.83	8.0
12.86	7.2
12.90	3.1
12.93	8.7
12.96	13.4
12.99	10.6
13.02	8.7
13.06	8.4
13.09	9.2
13.12	15.9
13.15	20.0
13.18	18.8
13.22	18.8
13.25	18.4
13.28	15.6
13.31	12.9
13.34	12.9
13.38	12.9
13.41	12.8
13.44	12.9
13.47	12.9
13.50	12.9
13.54	12.9
13.57	12.8
13.60	12.9
13.63	12.9
13.66	12.9
13.70	12.9
13.73	12.8
13.76	12.9
13.79	12.9
13.82	12.9
13.86	12.9
13.89	12.8
13.92	12.9
13.95	12.9
13.98	12.9
14.02	12.9
14.05	12.8
14.08	12.9
14.11	12.9
14.14	12.9
14.18	12.6
14.21	7.8
14.24	8.2
14.27	4.1
14.30	5.0
14.34	12.6
14.37	13.2
14.40	7.8
14.43	9.1
14.46	8.3
14.50	10.3
14.53	16.6
14.56	12.9
14.59	12.9
14.62	8.7
14.66	8.1
14.69	5.2
14.72	4.1
14.75	11.1
14.78	13.4
14.82	9.0
14.85	8.6
14.88	8.4
14.91	10.6
14.94	18.5
14.98	19.2
15.01	18.6
15.04	18.8
15.07	18.5
15.10	13.5
15.14	12.9
15.17	9.0
15.20	8.1
15.23	5.9
15.26	3.9
15.30	10.4
15.33	13.3
15.36	9.8
15.39	8.5
15.42	8.5
15.46	9.9
15.49	17.1
15.52	20.0
15.55	18.7
15.58	19.4
15.62	18.9
15.65	18.6
15.68	18.6
15.71	19.4
15.74	14.7
15.78	12.9
15.81	12.8
15.84	12.9
15.87	12.9
15.90	12.9
15.94	12.9
15.97	12.8
16.00	12.9
16.03	12.9
16.06	12.9
16.10	12.9
16.13	12.8
16.16	12.9
16.19	12.9
16.22	12.9
16.26	12.9
16.29	12.8
16.32	12.9
16.35	12.9
16.38	12.9
16.42	12.9
16.45	12.8
16.48	12.9
16.51	12.9
16.54	11.6
16.58	7.7
16.61	8.4
16.64	3.0
16.67	6.7
16.70	13.0
16.74	12.7
16.77	7.8
16.80	8.8
16.83	8.4
16.86	11.0
16.90	16.8
16.93	12.8
16.96	12.8
16.99	8.1
17.02	8.1
17.06	4.4
17.09	4.6
17.12	12.2
17.15	13.4
17.18	8.3
17.22	9.0
17.25	8.3
17.28	11.1
17.31	17.4
17.34	18.7
17.38	18.7
17.41	17.6
17.44	12.9
17.47	12.9
17.50	12.9
17.54	12.9
17.57	12.8
17.60	12.9
17.63	12.9
17.66	12.9
17.70	12.9
17.73	12.8
17.76	12.9
17.79	12.9
17.82	12.9
17.86	12.9
17.89	12.8
17.92	12.9
17.95	12.9
17.98	12.9
18.02	12.9
18.05	12.8
18.08	12.9
18.11	12.9
18.14	12.9
18.18	12.9
18.21	12.8
18.24	12.9
18.27	12.9
18.30	12.9
18.34	12.3
18.37	7.7
18.40	8.4
18.43	3.7
18.46	5.5
18.50	12.9
18.53	11.1
18.56	7.9
18.59	9.3
18.62	7.7
18.66	5.9
18.69	2.4
18.72	2.5
18.75	2.5
18.78	2.5
18.82	2.5
18.85	2.4
18.88	2.5
18.91	2.5
18.94	2.5
18.98	2.5
19.01	2.4
19.04	2.5
19.07	2.5
19.10	2.5
19.14	2.5
19.17	2.4
19.20	2.5
19.23	2.5
19.26	2.5
19.30	2.5
19.33	2.4
19.36	2.5
19.39	2.5
19.42	2.5
19.46	2.5
19.49	2.4
19.52	2.5
19.55	2.5
19.58	2.5
19.62	2.5
19.65	2.4
19.68	2.5
19.71	2.5
19.74	2.5
19.78	2.5
19.81	2.4
19.84	2.5
19.87	2.5
19.90	2.5
19.94	2.5
19.97	2.4
20.00	2.5
20.03	2.5
20.06	2.5
20.10	2.5
20.13	2.4
20.16	2.5
20.19	2.5
20.22	2.5
20.26	2.5
20.29	2.4
20.32	2.5
20.35	2.5
20.38	2.5
20.42	2.5
20.45	2.4
20.48	2.5
20.51	2.5
20.54	2.5
20.58	2.5
20.61	2.4
20.64	2.5
20.67	2.5
20.70	2.5
20.74	2.5
20.77	2.4
20.80	2.5
20.83	2.5
20.86	2.5
20.90	2.5
20.93	2.4
20.96	2.5
20.99	2.5
21.02	2.5
21.06	2.5
21.09	2.4
21.12	2.5
21.15	2.5
21.18	2.5
21.22	2.5
21.25	2.4
21.28	2.5
21.31	2.5
21.34	2.5
21.38	2.5
21.41	2.4
21.44	2.5
21.47	2.5
21.50	2.5
21.54	2.5
21.57	2.4
21.60	2.5
21.63	2.5
21.66	2.5
21.70	2.5
21.73	2.4
21.76	2.5
21.79	2.5
21.82	2.5
21.86	2.5
21.89	2.4
21.92	2.5
21.95	2.5
21.98	2.5
22.02	2.5
22.05	2.4
22.08	2.5
22.11	2.5
22.14	2.5
22.18	2.5
22.21	2.4
22.24	2.5
22.27	2.5
22.30	2.5
22.34	2.5
22.37	2.4
22.40	2.5
22.43	2.5
22.46	2.5
22.50	2.5
22.53	2.4
22.56	2.5
22.59	2.5
22.62	2.5
22.66	2.5
22.69	2.4
22.72	2.5
22.75	2.5
22.78	2.5
22.82	2.5
22.85	2.4
22.88	2.5
22.91	2.5
22.94	2.5
22.98	2.5
23.01	2.4
23.04	2.5
23.07	2.5
23.10	2.5
23.14	2.5
23.17	2.4
23.20	2.5
23.23	2.5
23.26	2.5
23.30	2.5
23.33	2.4
23.36	2.5
23.39	2.5
23.42	2.5
23.46	2.5
23.49	2.4
23.52	2.5
23.55	2.5
23.58	2.5
23.62	2.5
23.65	2.4
23.68	2.5
23.71	2.5
23.74	2.5
23.78	2.5
23.81	2.4
23.84	2.5
23.87	2.5
23.90	2.5
23.94	2.5
23.97	2.4
24.00	2.5
24.03	2.5
24.06	2.5
24.10	2.5
24.13	2.4
24.16	2.5
24.19	2.5
24.22	2.5
24.26	2.5
24.29	2.4
24.32	2.5
24.35	2.5
24.38	2.5
24.42	2.5
24.45	2.4
24.48	2.5
24.51	2.5
24.54	2.5
24.58	2.5
24.61	2.4
24.64	2.5
24.67	2.5
24.70	2.5
24.74	2.5
24.77	2.4
24.80	2.5
24.83	2.5
24.86	2.5
24.90	2.5
24.93	2.4
24.96	2.5
24.99	2.5
25.02	2.5
25.06	2.5
25.09	2.4
25.12	2.5
25.15	2.5
25.18	2.5
25.22	2.5
25.25	2.4
25.28	2.5
25.31	2.5
25.34	2.5
25.38	2.5
25.41	2.4
25.44	2.5
25.47	2.5
25.50	2.5
25.54	2.5
25.57	2.4
25.60	2.5
25.63	2.5
25.66	2.5
25.70	2.5
25.73	2.4
25.76	2.5
25.79	2.5
25.82	2.5
25.86	2.5
25.89	2.4
25.92	2.5
25.95	2.5
25.98	2.5
26.02	2.5
26.05	2.3
26.08	2.5
26.11	2.5
26.14	2.5
26.18	2.5
26.21	2.4
26.24	2.5
26.27	2.5
26.30	2.5
26.34	2.5
26.37	2.4
26.40	2.5
26.43	2.5
26.46	2.5
26.50	2.5
26.53	2.4
26.56	2.5
26.59	2.5
26.62	2.5
26.66	2.5
26.69	2.4
26.72	2.5
26.75	2.5
26.78	2.5
26.82	2.5
26.85	2.4
26.88	2.5
26.91	2.5
26.94	2.5
26.98	2.5
27.01	2.3
27.04	2.5
27.07	2.5
27.10	2.5
27.14	2.5
27.17	2.4
27.20	2.5
27.23	2.5
27.26	2.5
27.30	2.5
27.33	2.4
27.36	2.5
27.39	2.5
27.42	2.5
27.46	2.5
27.49	2.4
27.52	2.5
27.55	2.5
27.58	2.5
27.62	2.5
27.65	2.4
27.68	2.5
27.71	2.5
27.74	2.5
27.78	2.5
27.81	2.4
27.84	2.5
27.87	2.5
27.90	2.5
27.94	2.5
27.97	2.4
28.00	2.5
28.03	2.5
28.06	2.5
28.10	2.5
28.13	2.4
28.16	2.5
28.19	2.5
28.22	2.5
28.26	2.5
28.29	2.4
28.32	2.5
28.35	2.5
28.38	2.5
28.42	2.5
28.45	2.4
28.48	2.5
28.51	2.5
28.54	2.5
28.58	2.5
28.61	2.4
28.64	2.5
28.67	2.5
28.70	2.5
28.74	2.5
28.77	2.3
28.80	2.5
28.83	2.5
28.86	2.5
28.90	2.5
28.93	2.4
28.96	2.5
28.99	2.5
29.02	2.5
29.06	2.5
29.09	2.4
29.12	2.5
29.15	2.5
29.18	2.5
29.22	2.5
29.25	2.4
29.28	2.5
29.31	2.5
29.34	2.5
29.38	2.5
29.41	2.4
29.44	2.5
29.47	2.5
29.50	2.5
29.54	2.5
29.57	2.4
29.60	2.5
29.63	2.5
29.66	2.5
29.70	2.5
29.73	2.4
29.76	2.5
29.79	2.5
29.82	2.5
29.86	2.5
29.89	2.4
29.92	2.5
29.95	2.5
29.98	2.5
30.02	2.5
30.05	2.4
30.08	2.5
30.11	2.5
30.14	4.9
30.18	8.4
30.21	8.1
30.24	8.2
30.27	8.9
30.30	8.5
30.34	8.5
30.37	8.3
30.40	8.7
30.43	9.1
30.46	4.3
30.50	2.5
30.53	2.4
30.56	2.5
30.59	2.5
30.62	2.5
30.66	2.5
30.69	2.4
30.72	2.5
30.75	2.5
30.78	2.5
30.82	2.5
30.85	2.4
30.88	2.5
30.91	2.5
30.94	2.5
30.98	2.5
31.01	2.4
31.04	2.5
31.07	2.5
31.10	2.5
31.14	2.5
31.17	2.4
31.20	2.5
31.23	2.5
31.26	2.5
31.30	2.5
31.33	2.4
31.36	2.5
31.39	2.5
31.42	2.5
31.46	2.5
31.49	2.4
31.52	2.5
31.55	2.5
31.58	2.5
31.62	2.5
31.65	2.4
31.68	2.5
31.71	2.5
31.74	2.5
31.78	2.5
31.81	2.4
31.84	2.5
31.87	2.5
31.90	2.5
31.94	2.5
31.97	2.4
32.00	2.5
32.03	2.5
32.06	2.5
32.10	2.5
32.13	2.4
32.16	2.5
32.19	2.5
32.22	2.5
32.26	2.5
32.29	2.4
32.32	2.5
32.35	2.5
32.38	2.5
32.42	2.5
32.45	2.4
32.48	2.5
32.51	2.5
32.54	2.5
32.58	2.5
32.61	2.4
32.64	2.5
32.67	2.5
32.70	2.5
32.74	2.5
32.77	2.4
32.80	2.5
32.83	2.5
32.86	2.5
32.90	2.5
32.93	2.4
32.96	2.5
32.99	2.5
33.02	2.5
33.06	2.5
33.09	2.4
33.12	2.5
33.15	2.5
33.18	2.5
33.22	2.5
33.25	2.4
33.28	2.5
33.31	2.5
33.34	2.5
33.38	2.5
33.41	2.4
33.44	2.5
33.47	2.5
33.50	2.5
33.54	2.5
33.57	2.4
33.60	2.5
33.63	2.5
33.66	2.5
33.70	2.5
33.73	2.4
33.76	2.5
33.79	2.5
33.82	2.5
33.86	2.5
33.89	2.4
33.92	2.5
33.95	2.5
33.98	2.5
34.02	2.5
34.05	2.4
34.08	2.5
34.11	2.5
34.14	2.5
34.18	2.5
34.21	2.4
34.24	2.5
34.27	2.5
34.30	2.5
34.34	2.5
34.37	2.4
34.40	2.5
34.43	2.5
34.46	2.5
34.50	2.5
34.53	2.4
34.56	2.5
34.59	2.5
34.62	2.5
34.66	2.5
34.69	2.4
34.72	2.5
34.75	2.5
34.78	2.5
34.82	2.5
34.85	2.4
34.88	2.5
34.91	2.5
34.94	2.5
34.98	2.5
35.01	2.4
35.04	2.5
35.07	2.5
35.10	2.5
35.14	2.5
35.17	2.4
35.20	2.5
35.23	2.5
35.26	2.5
35.30	2.5
35.33	2.4
35.36	2.5
35.39	2.5
35.42	2.5
35.46	2.5
35.49	2.4
35.52	2.5
35.55	2.5
35.58	2.5
35.62	2.5
35.65	2.4
35.68	2.5
35.71	2.5
35.74	2.5
35.78	2.5
35.81	2.4
35.84	2.5
35.87	2.5
35.90	2.5
35.94	2.5
35.97	2.4
36.00	2.5
36.03	2.5
36.06	2.5
36.10	2.5
36.13	2.4
36.16	2.5
36.19	2.5
36.22	2.5
36.26	2.5
36.29	2.4
36.32	2.5
36.35	2.5
36.38	2.5
36.42	2.5
36.45	2.4
36.48	2.5
36.51	2.5
36.54	2.5
36.58	2.5
36.61	2.4
36.64	2.5
36.67	2.5
36.70	2.5
36.74	2.5
36.77	2.4
36.80	2.5
36.83	2.5
36.86	2.5
36.90	2.5
36.93	2.4
36.96	2.5
36.99	2.5
37.02	2.5
37.06	2.5
37.09	2.4
37.12	2.5
37.15	2.5
37.18	2.5
37.22	2.5
37.25	2.4
37.28	2.5
37.31	2.5
37.34	2.5
37.38	2.5
37.41	2.4
37.44	2.5
37.47	2.5
37.50	2.5
37.54	2.5
37.57	2.4
37.60	2.5
37.63	2.5
37.66	2.5
37.70	2.5
37.73	2.4
37.76	2.5
37.79	2.5
37.82	2.5
37.86	2.5
37.89	2.4
37.92	2.4
37.95	2.5
37.98	2.5
38.02	2.5
38.05	2.4
38.08	2.5
38.11	2.5
38.14	2.5
38.18	2.5
38.21	2.4
38.24	2.5
38.27	2.5
38.30	2.5
38.34	2.5
38.37	2.4
38.40	2.5
38.43	2.5
38.46	2.5
38.50	2.5
38.53	2.4
38.56	2.5
38.59	2.5
38.62	2.5
38.66	2.5
38.69	2.4
38.72	2.5
38.75	2.5
38.78	2.5
38.82	2.5
38.85	2.4
38.88	2.5
38.91	2.5
38.94	2.5
38.98	2.5
39.01	2.4
39.04	2.5
39.07	2.5
39.10	2.5
39.14	2.5
39.17	2.4
39.20	2.5
39.23	2.5
39.26	2.5
39.30	2.5
39.33	2.4
39.36	2.5
39.39	2.5
39.42	2.5
39.46	2.5
39.49	2.4
39.52	2.5
39.55	2.5
39.58	2.5
39.62	2.5
39.65	2.4
39.68	2.5
39.71	2.5
39.74	2.5
39.78	2.5
39.81	2.4
39.84	2.5
39.87	2.5
39.90	2.5
39.94	2.5
39.97	2.4
40.00	2.5
40.03	2.5
40.06	2.5
40.10	2.5
40.13	2.4
40.16	2.5
40.19	2.5
40.22	2.5
40.26	2.5
40.29	2.4
40.32	2.5
40.35	2.5
40.38	2.5
40.42	2.5
40.45	2.4
40.48	2.5
40.51	2.5
40.54	2.5
40.58	2.5
40.61	2.4
40.64	2.5
40.67	2.5
40.70	2.5
40.74	2.5
40.77	2.4
40.80	2.5
40.83	2.5
40.86	2.5
40.90	2.5
40.93	2.4
40.96	2.5
40.99	2.5
41.02	2.5
41.06	2.5
41.09	2.4
41.12	2.5
41.15	2.5
41.18	2.5
41.22	2.5
41.25	2.4
41.28	2.5
41.31	2.5
41.34	2.5
41.38	2.5
41.41	2.4
41.44	2.5
41.47	2.5
41.50	2.5
41.54	2.5
41.57	2.4
41.60	2.5
41.63	2.5
41.66	2.5
41.70	2.5
41.73	2.4
41.76	2.5
41.79	2.5
41.82	2.5
41.86	2.5
41.89	2.4
41.92	2.5
41.95	2.5
41.98	2.5
42.02	2.5
42.05	2.4
42.08	2.5
42.11	2.5
42.14	2.5
42.18	2.5
42.21	2.4
42.24	2.5
42.27	2.5
42.30	2.5
42.34	2.5
42.37	2.4
42.40	2.5
42.43	2.5
42.46	2.5
42.50	2.5
42.53	2.4
42.56	2.5
42.59	2.5
42.62	2.5
42.66	2.5
42.69	2.4
42.72	2.5
42.75	2.5
42.78	2.5
42.82	2.5
42.85	2.4
42.88	2.5
42.91	2.5
42.94	2.5
42.98	2.5
43.01	2.4
43.04	2.5
43.07	2.5
43.10	2.5
43.14	2.5
43.17	2.4
43.20	2.5
43.23	2.5
43.26	2.5
43.30	2.5
43.33	2.4
43.36	2.5
43.39	2.5
43.42	2.5
43.46	2.5
43.49	2.4
43.52	2.5
43.55	2.5
43.58	2.5
43.62	2.5
43.65	2.4
43.68	2.5
43.71	2.5
43.74	2.5
43.78	2.5
43.81	2.4
43.84	2.5
43.87	2.5
43.90	2.5
43.94	2.5
43.97	2.4
44.00	2.5
44.03	2.5
44.06	2.5
44.10	2.5
44.13	2.4
44.16	2.5
44.19	2.5
44.22	2.5
44.26	2.5
44.29	2.4
44.32	2.5
44.35	2.5
44.38	2.5
44.42	2.5
44.45	2.4
44.48	2.5
44.51	2.5
44.54	2.5
44.58	2.5
44.61	2.4
44.64	2.5
44.67	2.5
44.70	2.5
44.74	2.5
44.77	2.4
44.80	2.5
44.83	2.5
44.86	2.5
44.90	2.5
44.93	2.4
44.96	2.5
44.99	2.5
45.02	2.5
45.06	2.5
45.09	2.4
45.12	2.5
45.15	2.5
45.18	2.5
45.22	2.5
45.25	2.4
45.28	2.5
45.31	2.5
45.34	2.5
45.38	2.5
45.41	2.4
45.44	2.5
45.47	2.5
45.50	2.5
45.54	2.5
45.57	2.4
45.60	2.5
45.63	2.5
45.66	2.5
45.70	2.5
45.73	2.4
45.76	2.5
45.79	2.5
45.82	2.5
45.86	2.5
45.89	2.4
45.92	2.5
45.95	2.5
45.98	2.5
46.02	2.5
46.05	2.4
46.08	2.5
46.11	2.5
46.14	2.5
46.18	2.5
46.21	2.4
46.24	2.5
46.27	2.5
46.30	2.5
46.34	2.5
46.37	2.4
46.40	2.5
46.43	2.5
46.46	2.5
46.50	2.5
46.53	2.4
46.56	2.5
46.59	2.5
46.62	2.5
46.66	2.5
46.69	2.4
46.72	2.5
46.75	2.5
46.78	2.5
46.82	2.5
46.85	2.4
46.88	2.5
46.91	2.5
46.94	2.5
46.98	2.5
47.01	2.4
47.04	2.5
47.07	2.5
47.10	2.5
47.14	2.5
47.17	2.4
47.20	2.5
47.23	2.5
47.26	2.5
47.30	2.5
47.33	2.4
47.36	2.5
47.39	2.5
47.42	2.5
47.46	2.5
47.49	2.4
47.52	2.5
47.55	2.5
47.58	2.5
47.62	2.5
47.65	2.3
47.68	2.5
47.71	2.5
47.74	2.5
47.78	2.5
47.81	2.4
47.84	2.5
47.87	2.5
47.90	2.5
47.94	2.5
47.97	2.4
48.00	2.5
48.03	2.5
48.06	2.5
48.10	2.5
48.13	2.4
48.16	2.5
48.19	2.5
48.22	2.5
48.26	2.5
48.29	2.4
48.32	2.5
48.35	2.5
48.38	2.5
48.42	2.5
48.45	2.4
48.48	2.5
48.51	2.5
48.54	2.5
48.58	2.5
48.61	2.4
48.64	2.5
48.67	2.5
48.70	2.5
48.74	2.5
48.77	2.4
48.80	2.5
48.83	2.5
48.86	2.5
48.90	2.5
48.93	2.4
48.96	2.5
48.99	2.5
49.02	2.5
49.06	2.5
49.09	2.4
49.12	2.5
49.15	2.5
49.18	2.5
49.22	2.5
49.25	2.4
49.28	2.5
49.31	2.5
49.34	2.5
49.38	2.5
49.41	2.4
49.44	2.5
49.47	2.5
49.50	2.5
49.54	2.5
49.57	2.4
49.60	2.5
49.63	2.5
49.66	2.5
49.70	2.5
49.73	2.4
49.76	2.5
49.79	2.5
49.82	2.5
49.86	2.5
49.89	2.4
49.92	2.5
49.95	2.5
49.98	2.5
50.02	2.5
50.05	2.4
50.08	2.5
50.11	2.5
50.14	4.9
50.18	8.3
50.21	8.1
50.24	8.2
50.27	8.8
50.30	8.5
50.34	8.5
50.37	8.4
50.40	8.7
50.43	8.7
50.46	2.7
50.50	2.5
50.53	2.4
50.56	2.5
50.59	2.5
50.62	2.5
50.66	2.5
50.69	2.4
50.72	2.5
50.75	2.5
50.78	2.5
50.82	2.5
50.85	2.4
50.88	2.5
50.91	2.5
50.94	2.5
50.98	2.5
51.01	2.4
51.04	2.5
51.07	2.5
51.10	2.5
51.14	2.5
51.17	2.4
51.20	2.5
51.23	2.5
51.26	2.5
51.30	2.5
51.33	2.4
51.36	2.5
51.39	2.5
51.42	2.5
51.46	2.5
51.49	2.4
51.52	2.5
51.55	2.5
51.58	2.5
51.62	2.5
51.65	2.4
51.68	2.5
51.71	2.5
51.74	2.5
51.78	2.5
51.81	2.4
51.84	2.5
51.87	2.5
51.90	2.5
51.94	2.5
51.97	2.4
52.00	2.5
52.03	2.5
52.06	2.5
52.10	2.5
52.13	2.4
52.16	2.5
52.19	2.5
52.22	2.5
52.26	2.5
52.29	2.4
52.32	2.5
52.35	2.5
52.38	2.5
52.42	2.5
52.45	2.4
52.48	2.5
52.51	2.5
52.54	2.5
52.58	2.5
52.61	2.4
52.64	2.5
52.67	2.5
52.70	2.5
52.74	2.5
52.77	2.4
52.80	2.5
52.83	2.5
52.86	2.5
52.90	2.5
52.93	2.4
52.96	2.5
52.99	2.5
53.02	2.5
53.06	2.5
53.09	2.4
53.12	2.5
53.15	2.5
53.18	2.5
53.22	2.5
53.25	2.4
53.28	2.5
53.31	2.5
53.34	2.5
53.38	2.5
53.41	2.4
53.44	2.5
53.47	2.5
53.50	2.5
53.54	2.5
53.57	2.4
53.60	2.5
53.63	2.5
53.66	2.5
53.70	2.5
53.73	2.4
53.76	2.5
53.79	2.5
53.82	2.5
53.86	2.5
53.89	2.4
53.92	2.5
53.95	2.5
53.98	2.5
54.02	2.5
54.05	2.4
54.08	2.5
54.11	2.5
54.14	2.5
54.18	2.5
54.21	2.4
54.24	2.5
54.27	2.5
54.30	2.5
54.34	2.5
54.37	2.4
54.40	2.5
54.43	2.5
54.46	2.5
54.50	2.5
54.53	2.4
54.56	2.5
54.59	2.5
54.62	2.5
54.66	2.5
54.69	2.4
54.72	2.5
54.75	2.5
54.78	2.5
54.82	2.5
54.85	2.4
54.88	2.5
54.91	2.5
54.94	2.5
54.98	2.5
55.01	2.4
55.04	2.5
55.07	2.5
55.10	2.5
55.14	2.5
55.17	2.4
55.20	2.5
55.23	2.5
55.26	2.5
55.30	2.5
55.33	2.4
55.36	2.5
55.39	2.5
55.42	2.5
55.46	2.5
55.49	2.4
55.52	2.5
55.55	2.5
55.58	2.5
55.62	2.5
55.65	2.4
55.68	2.5
55.71	2.5
55.74	2.5
55.78	2.5
55.81	2.4
55.84	2.5
55.87	2.5
55.90	2.5
55.94	2.5
55.97	2.4
56.00	2.5
56.03	2.5
56.06	2.5
56.10	2.5
56.13	2.4
56.16	2.5
56.19	2.5
56.22	2.5
56.26	2.5
56.29	2.4
56.32	2.5
56.35	2.5
56.38	2.5
56.42	2.5
56.45	2.4
56.48	2.5
56.51	2.5
56.54	2.5
56.58	2.5
56.61	2.4
56.64	2.5
56.67	2.5
56.70	2.5
56.74	2.5
56.77	2.4
56.80	2.5
56.83	2.5
56.86	2.5
56.90	2.5
56.93	2.4
56.96	2.5
56.99	2.5
57.02	2.5
57.06	2.5
57.09	2.4
57.12	2.5
57.15	2.5
57.18	2.5
57.22	2.5
57.25	2.4
57.28	2.5
57.31	2.5
57.34	2.5
57.38	2.5
57.41	2.4
57.44	2.5
57.47	2.5
57.50	2.5
57.54	2.5
57.57	2.4
57.60	2.5
57.63	6.5
57.66	8.0
57.70	7.2
57.73	2.4
57.76	2.5
57.79	2.5
57.82	2.5
57.86	2.5
57.89	2.4
57.92	2.5
57.95	2.5
57.98	2.5
58.02	2.5
58.05	2.4
58.08	2.5
58.11	2.5
58.14	2.5
58.18	2.5
58.21	2.4
58.24	2.5
58.27	2.5
58.30	2.5
58.34	2.5
58.37	2.4
58.40	2.5
58.43	2.5
58.46	2.5
58.50	2.5
58.53	2.4
58.56	2.5
58.59	2.5
58.62	2.5
58.66	2.5
58.69	2.4
58.72	2.5
58.75	2.5
58.78	2.5
58.82	2.5
58.85	2.4
58.88	2.5
58.91	2.5
58.94	2.5
58.98	2.5
59.01	2.4
59.04	2.5
59.07	2.5
59.10	2.5
59.14	4.4
59.17	12.3
59.20	13.5
59.23	13.6
59.26	13.3
59.30	13.4
59.33	13.1
59.36	10.5
59.39	8.7
59.42	8.7
59.46	8.9
59.49	13.7
59.52	18.8
59.55	19.1
59.58	18.6
59.62	9.2
59.65	8.0
59.68	6.1
59.71	3.8
59.74	10.2
59.78	13.5
59.81	9.7
59.84	8.5
59.87	8.4
59.90	10.0
59.94	17.4
59.97	19.2
60.00	18.4
60.03	18.5
60.06	18.3
60.10	14.1
60.13	12.4
60.16	12.5
60.19	12.5
60.22	12.6
60.26	12.5
60.29	12.4
60.32	12.6
60.35	12.5
60.38	12.5
60.42	12.6
60.45	12.4
60.48	12.5
60.51	12.6
60.54	12.5
60.58	12.6
60.61	12.4
60.64	12.6
60.67	12.5
60.70	12.6
60.74	12.6
60.77	12.4
60.80	12.5
60.83	12.5
60.86	12.6
60.90	12.6
60.93	12.4
60.96	12.5
60.99	11.4
61.02	7.7
61.06	8.5
61.09	2.9
61.12	6.6
61.15	13.0
61.18	12.7
61.22	7.9
61.25	8.7
61.28	8.4
61.31	11.0
61.34	16.4
61.38	12.6
61.41	12.3
61.44	8.1
61.47	8.1
61.50	4.4
61.54	4.7
61.57	12.1
61.60	13.4
61.63	8.1
61.66	9.0
61.70	8.5
61.73	10.6
61.76	17.5
61.79	18.3
61.82	18.5
61.86	18.2
61.89	13.6
61.92	12.6
61.95	12.6
61.98	8.4
62.02	8.1
62.05	4.8
62.08	4.3
62.11	11.6
62.14	13.4
62.18	8.6
62.21	8.8
62.24	8.4
62.27	10.6
62.30	18.6
62.34	19.4
62.37	18.2
62.40	19.0
62.43	18.5
62.46	18.4
62.50	18.2
62.53	18.9
62.56	13.3
62.59	12.6
62.62	12.6
62.66	12.6
62.69	12.4
62.72	12.5
62.75	12.6
62.78	12.6
62.82	12.6
62.85	12.4
62.88	12.6
62.91	12.6
62.94	12.6
62.98	12.5
63.01	12.4
63.04	12.5
63.07	12.6
63.10	12.5
63.14	12.6
63.17	12.4
63.20	12.5
63.23	12.6
63.26	12.5
63.30	12.6
63.33	12.5
63.36	10.5
63.39	7.9
63.42	7.8
63.46	2.9
63.49	8.0
63.52	13.3
63.55	11.3
63.58	8.5
63.62	8.5
63.65	8.4
63.68	12.5
63.71	15.5
63.74	12.6
63.78	11.7
63.81	7.6
63.84	8.5
63.87	3.3
63.90	6.1
63.94	12.9
63.97	12.9
64.00	7.8
64.03	8.9
64.06	8.6
64.10	11.4
64.13	18.0
64.16	18.2
64.19	18.3
64.22	17.1
64.26	12.6
64.29	12.5
64.32	12.5
64.35	12.6
64.38	12.5
64.42	12.5
64.45	12.5
64.48	12.6
64.51	12.6
64.54	12.5
64.58	12.6
64.61	12.4
64.64	12.5
64.67	12.6
64.70	12.6
64.74	12.5
64.77	12.4
64.80	12.5
64.83	12.6
64.86	12.5
64.90	12.6
64.93	12.4
64.96	12.5
64.99	12.6
65.02	12.6
65.06	12.5
65.09	12.1
65.12	8.0
65.15	8.3
65.18	4.0
65.22	5.0
65.25	12.4
65.28	13.4
65.31	13.2
65.34	10.5
65.38	8.7
65.41	8.7
65.44	8.7
65.47	13.6
65.50	18.8
65.54	19.1
65.57	18.6
65.60	12.8
65.63	12.5
65.66	8.4
65.70	8.1
65.73	4.7
65.76	4.4
65.79	11.8
65.82	13.4
65.86	8.6
65.89	8.8
65.92	8.4
65.95	10.9
65.98	18.7
66.02	18.8
66.05	18.2
66.08	18.4
66.11	18.2
66.14	12.9
66.18	12.6
66.21	12.5
66.24	12.5
66.27	12.6
66.30	12.5
66.34	12.6
66.37	12.4
66.40	12.5
66.43	12.5
66.46	12.6
66.50	12.6
66.53	12.4
66.56	12.5
66.59	12.6
66.62	12.5
66.66	12.6
66.69	12.5
66.72	12.5
66.75	12.6
66.78	12.6
66.82	12.6
66.85	12.4
66.88	12.5
66.91	12.6
66.94	12.6
66.98	12.5
67.01	12.4
67.04	10.6
67.07	7.9
67.10	7.8
67.14	2.8
67.17	8.0
67.20	13.3
67.23	11.3
67.26	8.5
67.30	8.5
67.33	8.4
67.36	12.5
67.39	15.4
67.42	12.6
67.46	11.7
67.49	7.6
67.52	8.5
67.55	3.3
67.58	6.0
67.62	12.9
67.65	12.9
67.68	7.8
67.71	8.9
67.74	8.6
67.78	12.1
67.81	19.3
67.84	18.6
67.87	18.3
67.90	18.3
67.94	16.6
67.97	12.5
68.00	12.2
68.03	8.0
68.06	8.2
68.10	4.1
68.13	4.9
68.16	12.5
68.19	13.4
68.22	7.9
68.26	9.1
68.29	8.2
68.32	11.2
68.35	19.6
68.38	19.1
68.42	18.3
68.45	18.9
68.48	18.4
68.51	18.5
68.54	18.4
68.58	18.6
68.61	12.6
68.64	12.5
68.67	12.6
68.70	12.6
68.74	12.6
68.77	12.4
68.80	12.6
68.83	12.6
68.86	12.6
68.90	12.5
68.93	12.4
68.96	12.6
68.99	12.6
69.02	12.5
69.06	12.6
69.09	12.4
69.12	12.5
69.15	12.6
69.18	12.5
69.22	12.6
69.25	12.4
69.28	12.6
69.31	12.6
69.34	12.6
69.38	12.6
69.41	9.7
69.44	8.1
69.47	7.0
69.50	3.2
69.54	9.0
69.57	13.3
69.60	10.5
69.63	8.7
69.66	8.4
69.70	8.9
69.73	13.7
69.76	14.6
69.79	12.6
69.82	11.0
69.86	7.7
69.89	8.2
69.92	2.8
69.95	7.5
69.98	13.2
70.02	11.9
70.05	8.1
70.08	8.6
70.11	8.8
70.14	13.1
70.18	18.4
70.21	18.1
70.24	18.3
70.27	19.0
70.30	18.5
70.34	18.4
70.37	18.1
70.40	18.9
70.43	18.5
70.46	18.5
70.50	18.5
70.53	18.9
70.56	17.6
70.59	12.6
70.62	12.5
70.66	12.6
70.69	12.4
70.72	12.5
70.75	12.6
70.78	12.5
70.82	12.5
70.85	12.4
70.88	12.5
70.91	12.6
70.94	12.6
70.98	12.6
71.01	12.4
71.04	12.5
71.07	12.4
71.10	8.2
71.14	8.1
71.17	4.3
71.20	4.6
71.23	12.2
71.26	13.5
71.30	13.2
71.33	10.7
71.36	8.6
71.39	8.9
71.42	8.6
71.46	13.4
71.49	18.7
71.52	19.1
71.55	18.9
71.58	13.1
71.62	12.6
71.65	12.4
71.68	11.8
71.71	7.8
71.74	8.5
71.78	3.5
71.81	5.6
71.84	12.8
71.87	13.1
71.90	7.8
71.94	8.9
71.97	8.5
72.00	12.1
72.03	19.9
72.06	18.7
72.10	18.3
72.13	18.2
72.16	17.5
72.19	12.5
72.22	12.5
72.26	12.6
72.29	12.4
72.32	12.6
72.35	12.6
72.38	12.6
72.42	12.5
72.45	12.4
72.48	12.5
72.51	12.6
72.54	12.5
72.58	12.5
72.61	12.4
72.64	12.6
72.67	12.6
72.70	12.5
72.74	12.6
72.77	12.4
72.80	12.5
72.83	12.5
72.86	12.5
72.90	12.6
72.93	12.4
72.96	12.5
72.99	12.5
73.02	12.5
73.06	12.6
73.09	9.1
73.12	8.1
73.15	6.3
73.18	3.7
73.22	9.9
73.25	13.3
73.28	10.0
73.31	8.5
73.34	8.5
73.38	9.3
73.41	14.5
73.44	13.8
73.47	12.6
73.50	10.4
73.54	7.9
73.57	7.5
73.60	2.9
73.63	8.4
73.66	13.4
73.70	11.0
73.73	8.5
73.76	8.4
73.79	9.0
73.82	14.0
73.86	18.6
73.89	18.2
73.92	18.3
73.95	17.5
73.98	12.5
74.02	12.6
74.05	10.7
74.08	7.7
74.11	8.2
74.14	2.8
74.18	7.7
74.21	13.1
74.24	11.6
74.27	8.3
74.30	8.6
74.34	8.7
74.37	13.7
74.40	20.4
74.43	18.7
74.46	18.6
74.50	18.8
74.53	18.2
74.56	18.4
74.59	18.6
74.62	16.8
74.66	12.6
74.69	12.4
74.72	12.6
74.75	12.6
74.78	12.5
74.82	12.6
74.85	12.4
74.88	12.5
74.91	12.6
74.94	12.6
74.98	12.6
75.01	12.4
75.04	12.5
75.07	12.5
75.10	12.5
75.14	12.6
75.17	12.4
75.20	12.5
75.23	12.6
75.26	12.5
75.30	12.6
75.33	12.4
75.36	12.6
75.39	12.5
75.42	12.5
75.46	8.5
75.49	7.9
75.52	5.0
75.55	4.3
75.58	11.6
75.62	13.4
75.65	8.5
75.68	8.9
75.71	8.4
75.74	10.0
75.78	16.0
75.81	12.6
75.84	12.5
75.87	9.2
75.90	8.1
75.94	6.2
75.97	3.5
76.00	9.9
76.03	13.4
76.06	10.0
76.10	8.6
76.13	8.3
76.16	9.9
76.19	15.2
76.22	18.3
76.26	18.4
76.29	18.0
76.32	12.7
76.35	12.6
76.38	12.6
76.42	12.6
76.45	12.4
76.48	12.5
76.51	12.6
76.54	12.5
76.58	12.6
76.61	12.4
76.64	12.5
76.67	12.6
76.70	12.6
76.74	12.5
76.77	12.5
76.80	12.6
76.83	12.5
76.86	12.5
76.90	12.6
76.93	12.4
76.96	12.5
76.99	12.5
77.02	12.5
77.06	12.1
77.09	7.7
77.12	8.3
77.15	3.8
77.18	5.3
77.22	12.7
77.25	13.3
77.28	13.2
77.31	10.3
77.34	8.7
77.38	8.8
77.41	8.8
77.44	14.0
77.47	18.8
77.50	19.1
77.54	18.6
77.57	12.6
77.60	12.5
77.63	12.6
77.66	12.6
77.70	12.5
77.73	10.1
77.76	7.9
77.79	7.5
77.82	3.0
77.86	8.6
77.89	13.2
77.92	10.8
77.95	8.6
77.98	8.4
78.02	9.0
78.05	13.3
78.08	18.4
78.11	18.2
78.14	13.6
78.18	12.6
78.21	12.4
78.24	12.5
78.27	12.6
78.30	12.5
78.34	12.6
78.37	12.4
78.40	12.5
78.43	12.5
78.46	12.6
78.50	12.6
78.53	12.4
78.56	12.6
78.59	12.5
78.62	12.5
78.66	12.6
78.69	12.4
78.72	12.5
78.75	12.5
78.78	12.6
78.82	12.6
78.85	12.4
78.88	12.6
78.91	12.6
78.94	12.6
78.98	12.5
79.01	12.4
79.04	12.5
79.07	12.6
79.10	12.3
79.14	8.0
79.17	8.0
79.20	4.2
79.23	4.8
79.26	12.4
79.30	13.4
79.33	7.8
79.36	9.1
79.39	8.3
79.42	10.3
79.46	16.4
79.49	12.4
79.52	12.5
79.55	8.8
79.58	8.1
79.62	5.5
79.65	3.9
79.68	10.9
79.71	13.4
79.74	9.2
79.78	8.7
79.81	8.2
79.84	10.1
79.87	15.5
79.90	18.3
79.94	17.8
79.97	12.4
80.00	12.5
80.03	12.5
80.06	12.5
80.10	9.1
80.13	7.6
80.16	9.4
80.19	8.2
80.22	7.6
80.26	2.5
80.29	2.4
80.32	2.5
80.35	2.5
80.38	2.5
80.42	2.5
80.45	2.3
80.48	2.5
80.51	2.5
80.54	2.5
80.58	2.5
80.61	2.4
80.64	2.5
80.67	2.5
80.70	2.5
80.74	2.5
80.77	2.4
80.80	2.5
80.83	2.5
80.86	2.5
80.90	2.5
80.93	2.4
80.96	2.5
80.99	2.5
81.02	2.5
81.06	2.5
81.09	2.4
81.12	2.5
81.15	2.5
81.18	2.5
81.22	2.5
81.25	2.4
81.28	2.5
81.31	2.5
81.34	2.5
81.38	2.5
81.41	2.4
81.44	2.5
81.47	2.5
81.50	2.5
81.54	2.5
81.57	2.4
81.60	2.5
81.63	2.5
81.66	2.5
81.70	2.5
81.73	2.4
81.76	2.5
81.79	2.5
81.82	2.5
81.86	2.5
81.89	2.4
81.92	2.5
81.95	2.5
81.98	2.5
82.02	2.5
82.05	2.4
82.08	2.5
82.11	2.5
82.14	2.5
82.18	2.5
82.21	2.4
82.24	2.5
82.27	2.5
82.30	2.5
82.34	2.5
82.37	2.4
82.40	2.5
82.43	2.5
82.46	2.5
82.50	2.5
82.53	2.4
82.56	2.5
82.59	2.5
82.62	2.5
82.66	2.5
82.69	2.4
82.72	2.5
82.75	2.5
82.78	2.5
82.82	2.5
82.85	2.4
82.88	2.5
82.91	2.5
82.94	2.5
82.98	2.5
83.01	2.4
83.04	2.5
83.07	2.5
83.10	2.5
83.14	2.5
83.17	2.4
83.20	2.5
83.23	2.5
83.26	2.5
83.30	2.5
83.33	2.4
83.36	2.5
83.39	2.5
83.42	2.5
83.46	2.5
83.49	2.4
83.52	2.5
83.55	2.5
83.58	2.5
83.62	2.5
83.65	2.4
83.68	2.5
83.71	2.5
83.74	2.5
83.78	2.5
83.81	2.4
83.84	2.5
83.87	2.5
83.90	2.5
83.94	2.5
83.97	2.4
84.00	2.5
84.03	2.5
84.06	2.5
84.10	2.5
84.13	2.4
84.16	2.5
84.19	2.5
84.22	2.5
84.26	2.5
84.29	2.4
84.32	2.5
84.35	2.5
84.38	2.5
84.42	2.5
84.45	2.4
84.48	2.5
84.51	2.5
84.54	2.5
84.58	2.5
84.61	2.4
84.64	2.5
84.67	2.5
84.70	2.5
84.74	2.5
84.77	2.4
84.80	2.5
84.83	2.5
84.86	2.5
84.90	2.5
84.93	2.4
84.96	2.5
84.99	2.5
85.02	2.5
85.06	2.5
85.09	2.4
85.12	2.4
85.15	2.5
85.18	2.5
85.22	2.5
85.25	2.4
85.28	2.5
85.31	2.5
85.34	2.5
85.38	2.5
85.41	2.4
85.44	2.5
85.47	2.5
85.50	2.5
85.54	2.5
85.57	2.4
85.60	2.5
85.63	2.5
85.66	2.5
85.70	2.5
85.73	2.4
85.76	2.5
85.79	2.5
85.82	2.5
85.86	2.5
85.89	2.4
85.92	2.5
85.95	2.5
85.98	2.5
86.02	2.5
86.05	2.4
86.08	2.5
86.11	2.5
86.14	2.5
86.18	2.5
86.21	2.4
86.24	2.5
86.27	2.5
86.30	2.5
86.34	2.5
86.37	2.4
86.40	2.5
86.43	2.5
86.46	2.5
86.50	2.5
86.53	2.4
86.56	2.5
86.59	2.5
86.62	2.5
86.66	2.5
86.69	2.4
86.72	2.5
86.75	2.5
86.78	2.5
86.82	2.5
86.85	2.4
86.88	2.5
86.91	2.5
86.94	2.5
86.98	2.5
87.01	2.4
87.04	2.5
87.07	2.5
87.10	2.5
87.14	2.5
87.17	2.4
87.20	2.5
87.23	2.5
87.26	2.5
87.30	2.5
87.33	2.4
87.36	2.5
87.39	2.5
87.42	2.5
87.46	2.5
87.49	2.4
87.52	2.5
87.55	2.5
87.58	2.5
87.62	2.5
87.65	2.4
87.68	2.5
87.71	2.5
87.74	2.5
87.78	2.5
87.81	2.4
87.84	2.5
87.87	2.5
87.90	2.5
87.94	2.5
87.97	2.4
88.00	2.5
88.03	2.5
88.06	2.5
88.10	2.5
88.13	2.4
88.16	2.5
88.19	2.5
88.22	2.5
88.26	2.5
88.29	2.4
88.32	2.5
88.35	2.5
88.38	2.5
88.42	2.5
88.45	2.4
88.48	2.5
88.51	2.5
88.54	2.5
88.58	2.5
88.61	2.4
88.64	2.5
88.67	2.5
88.70	2.5
88.74	2.5
88.77	2.4
88.80	2.5
88.83	2.5
88.86	2.5
88.90	2.5
88.93	2.4
88.96	2.5
88.99	2.5
89.02	2.5
89.06	2.5
89.09	2.4
89.12	2.5
89.15	2.5
89.18	2.5
89.22	2.5
89.25	2.3
89.28	2.5
89.31	2.5
89.34	2.5
89.38	2.5
89.41	2.4
89.44	2.5
89.47	2.5
89.50	2.5
89.54	2.5
89.57	2.4
89.60	2.5
89.63	2.5
89.66	2.5
89.70	2.5
89.73	2.4
89.76	2.5
89.79	2.5
89.82	2.5
89.86	2.5
89.89	2.3
89.92	2.5
89.95	2.5
89.98	2.5
90.02	2.5
90.05	2.4
90.08	2.5
90.11	2.5
90.14	4.9
90.18	8.3
90.21	8.1
90.24	8.2
90.27	8.9
90.30	8.5
90.34	8.5
90.37	8.3
90.40	8.6
90.43	9.8
90.46	10.3
90.50	9.9
90.53	8.8
90.56	6.9
90.59	2.5
90.62	2.5
90.66	2.5
90.69	2.4
90.72	2.5
90.75	2.5
90.78	2.5
90.82	2.5
90.85	2.4
90.88	2.5
90.91	2.5
90.94	2.5
90.98	2.5
91.01	2.4
91.04	2.5
91.07	2.5
91.10	2.5
91.14	2.5
91.17	2.4
91.20	2.5
91.23	2.5
91.26	2.5
91.30	2.5
91.33	2.4
91.36	2.5
91.39	2.5
91.42	2.5
91.46	2.5
91.49	2.4
91.52	2.5
91.55	2.5
91.58	2.5
91.62	2.5
91.65	2.4
91.68	2.5
91.71	2.5
91.74	2.5
91.78	2.5
91.81	2.4
91.84	2.5
91.87	2.5
91.90	2.5
91.94	2.5
91.97	2.4
92.00	2.5
92.03	2.5
92.06	2.5
92.10	2.5
92.13	2.4
92.16	2.5
92.19	2.5
92.22	2.5
92.26	2.5
92.29	2.4
92.32	2.5
92.35	2.5
92.38	2.5
92.42	2.5
92.45	2.4
92.48	2.5
92.51	2.5
92.54	2.5
92.58	2.5
92.61	2.4
92.64	2.5
92.67	2.5
92.70	2.5
92.74	2.5
92.77	2.4
92.80	2.5
92.83	2.5
92.86	2.5
92.90	2.5
92.93	2.4
92.96	2.5
92.99	2.5
93.02	2.5
93.06	2.5
93.09	2.4
93.12	2.5
93.15	2.5
93.18	2.5
93.22	2.5
93.25	2.4
93.28	2.5
93.31	2.5
93.34	2.5
93.38	2.5
93.41	2.4
93.44	2.5
93.47	2.5
93.50	2.5
93.54	2.5
93.57	2.4
93.60	2.5
93.63	2.5
93.66	2.5
93.70	2.5
93.73	2.4
93.76	2.5
93.79	2.5
93.82	2.5
93.86	2.5
93.89	2.4
93.92	2.5
93.95	2.5
93.98	2.5
94.02	2.5
94.05	2.4
94.08	2.5
94.11	2.5
94.14	2.5
94.18	2.5
94.21	2.4
94.24	2.5
94.27	2.5
94.30	2.5
94.34	2.5
94.37	2.4
94.40	2.5
94.43	2.5
94.46	2.5
94.50	2.5
94.53	2.4
94.56	2.5
94.59	2.5
94.62	2.5
94.66	2.5
94.69	2.4
94.72	2.5
94.75	2.5
94.78	2.5
94.82	2.5
94.85	2.4
94.88	2.5
94.91	2.5
94.94	2.5
94.98	2.5
95.01	2.4
95.04	2.5
95.07	2.5
95.10	2.5
95.14	2.5
95.17	2.4
95.20	2.5
95.23	2.5
95.26	2.5
95.30	2.5
95.33	2.4
95.36	2.5
95.39	2.5
95.42	2.5
95.46	2.5
95.49	2.4
95.52	2.5
95.55	2.5
95.58	2.5
95.62	2.5
95.65	2.4
95.68	2.5
95.71	2.5
95.74	2.5
95.78	2.5
95.81	2.4
95.84	2.5
95.87	2.5
95.90	2.5
95.94	2.5
95.97	2.4
96.00	2.5
96.03	2.5
96.06	2.5
96.10	2.5
96.13	2.4
96.16	2.5
96.19	2.5
96.22	2.5
96.26	2.5
96.29	2.4
96.32	2.5
96.35	2.5
96.38	2.5
96.42	2.5
96.45	2.4
96.48	2.5
96.51	2.5
96.54	2.5
96.58	2.5
96.61	2.4
96.64	2.5
96.67	2.5
96.70	2.5
96.74	2.5
96.77	2.4
96.80	2.5
96.83	2.5
96.86	2.5
96.90	2.5
96.93	2.4
96.96	2.5
96.99	2.5
97.02	2.5
97.06	2.5
97.09	2.4
97.12	2.5
97.15	2.5
97.18	2.5
97.22	2.5
97.25	2.4
97.28	2.5
97.31	2.5
97.34	2.5
97.38	2.5
97.41	2.4
97.44	2.5
97.47	2.5
97.50	2.5
97.54	2.5
97.57	2.4
97.60	2.5
97.63	2.5
97.66	2.5
97.70	2.5
97.73	2.4
97.76	2.5
97.79	2.5
97.82	2.5
97.86	2.5
97.89	2.4
97.92	2.5
97.95	2.5
97.98	2.5
98.02	2.5
98.05	2.4
98.08	2.5
98.11	2.5
98.14	2.5
98.18	2.5
98.21	2.4
98.24	2.5
98.27	2.5
98.30	2.5
98.34	2.5
98.37	2.4
98.40	2.5
98.43	2.5
98.46	2.5
98.50	2.5
98.53	2.4
98.56	2.5
98.59	2.5
98.62	2.5
98.66	2.5
98.69	2.4
98.72	2.5
98.75	2.5
98.78	2.5
98.82	2.5
98.85	2.4
98.88	2.5
98.91	2.5
98.94	2.5
98.98	2.5
99.01	2.4
99.04	2.5
99.07	2.5
99.10	2.5
99.14	2.5
99.17	2.4
99.20	2.5
99.23	2.5
99.26	2.5
99.30	2.5
99.33	2.4
99.36	2.5
99.39	2.5
99.42	2.5
99.46	2.5
99.49	2.4
99.52	2.5
99.55	2.5
99.58	2.5
99.62	2.5
99.65	2.4
99.68	2.5
99.71	2.5
99.74	2.5
99.78	2.5
99.81	2.4
99.84	2.5
99.87	2.5
99.90	2.5
99.94	2.5
99.97	2.4
100.00	2.5
100.03	2.5
100.06	2.5
100.10	2.5
100.13	2.4
100.16	2.5
100.19	2.5
100.22	2.5
100.26	2.5
100.29	2.4
100.32	2.5
100.35	2.5
100.38	2.5
100.42	2.5
100.45	2.4
100.48	2.5
100.51	2.5
100.54	2.5
100.58	2.5
100.61	2.4
100.64	2.5
100.67	2.5
100.70	2.5
100.74	2.5
100.77	2.4
100.80	2.5
100.83	2.5
100.86	2.5
100.90	2.5
100.93	2.4
100.96	2.5
100.99	2.5
101.02	2.5
101.06	2.5
101.09	2.4
101.12	2.5
101.15	2.5
101.18	2.5
101.22	2.5
101.25	2.4
101.28	2.5
101.31	2.5
101.34	2.5
101.38	2.5
101.41	2.4
101.44	2.5
101.47	2.5
101.50	2.5
101.54	2.5
101.57	2.4
101.60	2.5
101.63	2.5
101.66	2.5
101.70	2.5
101.73	2.4
101.76	2.5
101.79	2.5
101.82	2.5
101.86	2.5
101.89	2.4
101.92	2.5
101.95	2.5
101.98	2.5
102.02	2.5
102.05	2.4
102.08	2.5
102.11	2.5
102.14	2.5
102.18	2.5
102.21	2.3
102.24	2.5
102.27	2.5
102.30	2.5
102.34	2.5
102.37	2.4
102.40	2.5
102.43	2.5
102.46	2.5
102.50	2.5
102.53	2.4
102.56	2.5
102.59	2.5
102.62	2.5
102.66	2.5
102.69	2.4
102.72	2.5
102.75	2.5
102.78	2.5
102.82	2.5
102.85	2.4
102.88	2.5
102.91	2.5
102.94	2.5
102.98	2.5
103.01	2.4
103.04	2.5
103.07	2.5
103.10	2.5
103.14	2.5
103.17	2.4
103.20	2.5
103.23	2.5
103.26	2.5
103.30	2.5
103.33	2.4
103.36	2.5
103.39	2.5
103.42	2.5
103.46	2.5
103.49	2.4
103.52	2.5
103.55	2.5
103.58	2.5
103.62	2.5
103.65	2.4
103.68	2.5
103.71	2.5
103.74	2.5
103.78	2.5
103.81	2.4
103.84	2.5
103.87	2.5
103.90	2.5
103.94	2.5
103.97	2.4
104.00	2.5
104.03	2.5
104.06	2.5
104.10	2.5
104.13	2.4
104.16	2.5
104.19	2.5
104.22	2.5
104.26	2.5
104.29	2.4
104.32	2.5
104.35	2.5
104.38	2.5
104.42	2.5
104.45	2.4
104.48	2.5
104.51	2.5
104.54	2.5
104.58	2.5
104.61	2.4
104.64	2.5
104.67	2.5
104.70	2.5
104.74	2.5
104.77	2.4
104.80	2.5
104.83	2.5
104.86	2.5
104.90	2.5
104.93	2.4
104.96	2.5
104.99	2.5
105.02	2.5
105.06	2.5
105.09	2.4
105.12	2.5
105.15	2.5
105.18	2.5
105.22	2.5
105.25	2.4
105.28	2.5
105.31	2.5
105.34	2.5
105.38	2.5
105.41	2.4
105.44	2.5
105.47	2.5
105.50	2.5
105.54	2.5
105.57	2.4
105.60	2.5
105.63	2.5
105.66	2.5
105.70	2.5
105.73	2.4
105.76	2.5
105.79	2.5
105.82	2.5
105.86	2.5
105.89	2.4
105.92	2.5
105.95	2.5
105.98	2.5
106.02	2.5
106.05	2.4
106.08	2.5
106.11	2.5
106.14	2.5
106.18	2.5
106.21	2.4
106.24	2.5
106.27	2.5
106.30	2.5
106.34	2.5
106.37	2.4
106.40	2.5
106.43	2.5
106.46	2.5
106.50	2.5
106.53	2.4
106.56	2.5
106.59	2.5
106.62	2.5
106.66	2.5
106.69	2.4
106.72	2.5
106.75	2.5
106.78	2.5
106.82	2.5
106.85	2.4
106.88	2.5
106.91	2.5
106.94	2.5
106.98	2.5
107.01	2.4
107.04	2.5
107.07	2.5
107.10	2.5
107.14	2.5
107.17	2.4
107.20	2.5
107.23	2.5
107.26	2.5
107.30	2.5
107.33	2.4
107.36	2.5
107.39	2.5
107.42	2.5
107.46	2.5
107.49	2.4
107.52	2.5
107.55	2.5
107.58	2.5
107.62	5.7
107.65	8.0
107.68	7.8
107.71	2.5
107.74	2.5
107.78	2.5
107.81	2.4
107.84	2.5
107.87	2.5
107.90	2.5
107.94	2.5
107.97	2.4
108.00	2.5
108.03	2.5
108.06	2.5
108.10	2.5
108.13	2.4
108.16	2.5
108.19	2.5
108.22	2.5
108.26	2.5
108.29	2.4
108.32	2.5
108.35	2.5
108.38	2.5
108.42	2.5
108.45	2.4
108.48	2.5
108.51	2.5
108.54	2.5
108.58	2.5
108.61	2.4
108.64	2.5
108.67	2.5
108.70	2.5
108.74	2.5
108.77	2.4
108.80	2.5
108.83	2.5
108.86	2.5
108.90	2.5
108.93	2.4
108.96	2.5
108.99	2.5
109.02	2.5
109.06	2.5
109.09	2.4
109.12	2.5
109.15	10.3
109.18	13.2
109.22	13.6
109.25	13.3
109.28	13.4
109.31	13.1
109.34	12.9
109.38	7.8
109.41	9.1
109.44	8.4
109.47	11.2
109.50	19.8
109.54	19.6
109.57	18.3
109.60	18.8
109.63	19.0
109.66	18.4
109.70	18.5
109.73	18.2
109.76	18.9
109.79	16.0
109.82	12.6
109.86	12.5
109.89	12.4
109.92	12.5
109.95	12.5
109.98	12.5
110.02	12.5
110.05	12.4
110.08	12.5
110.11	12.5
110.14	14.9
110.18	18.4
110.21	18.2
110.24	18.3
110.27	18.9
110.30	18.5
110.34	18.5
110.37	18.4
110.40	18.7
110.43	18.6
110.46	12.7
110.50	12.5
110.53	12.4
110.56	9.4
110.59	8.2
110.62	6.4
110.66	3.6
110.69	9.5
110.72	13.4
110.75	10.0
110.78	8.6
110.82	8.5
110.85	9.1
110.88	14.4
110.91	14.0
110.94	12.5
110.98	10.5
111.01	7.7
111.04	7.7
111.07	2.9
111.10	8.1
111.14	13.3
111.17	11.0
111.20	8.5
111.23	8.4
111.26	9.0
111.30	13.9
111.33	18.3
111.36	18.3
111.39	18.1
111.42	16.1
111.46	12.6
111.49	12.4
111.52	12.5
111.55	12.5
111.58	12.5
111.62	12.5
111.65	12.4
111.68	12.5
111.71	12.5
111.74	12.5
111.78	12.5
111.81	12.4
111.84	12.5
111.87	12.5
111.90	12.5
111.94	12.5
111.97	12.4
112.00	12.5
112.03	12.5
112.06	12.5
112.10	12.5
112.13	9.5
112.16	8.1
112.19	6.8
112.22	3.3
112.26	9.2
112.29	13.2
112.32	10.3
112.35	8.7
112.38	8.4
112.42	9.0
112.45	13.9
112.48	14.2
112.51	12.5
112.54	12.5
112.58	12.5
112.61	12.4
112.64	12.5
112.67	12.5
112.70	12.5
112.74	12.5
112.77	12.4
112.80	9.0
112.83	8.1
112.86	5.9
112.90	3.9
112.93	10.2
112.96	13.4
112.99	9.6
113.02	8.5
113.06	8.4
113.09	10.0
113.12	17.6
113.15	19.1
113.18	18.3
113.22	18.4
113.25	18.1
113.28	13.8
113.31	12.5
113.34	12.5
113.38	12.5
113.41	12.4
113.44	12.5
113.47	12.5
113.50	12.5
113.54	12.5
113.57	12.4
113.60	12.5
113.63	12.5
113.66	12.5
113.70	12.6
113.73	12.4
113.76	12.5
113.79	12.5
113.82	12.5
113.86	12.5
113.89	12.4
113.92	12.5
113.95	12.5
113.98	12.5
114.02	12.5
114.05	12.4
114.08	12.5
114.11	12.5
114.14	12.5
114.18	11.2
114.21	7.6
114.24	8.4
114.27	2.9
114.30	6.9
114.34	13.1
114.37	12.1
114.40	8.0
114.43	8.7
114.46	8.4
114.50	11.4
114.53	16.0
114.56	12.5
114.59	12.2
114.62	7.9
114.66	8.3
114.69	3.9
114.72	5.0
114.75	12.5
114.78	13.4
114.82	7.9
114.85	8.9
114.88	8.4
114.91	10.9
114.94	18.2
114.98	18.3
115.01	18.3
115.04	18.2
115.07	14.7
115.10	12.6
115.14	12.5
115.17	8.2
115.20	8.0
115.23	4.8
115.26	4.4
115.30	11.8
115.33	13.2
115.36	8.6
115.39	8.9
115.42	8.4
115.46	10.6
115.49	18.5
115.52	19.3
115.55	18.3
115.58	19.0
115.62	18.4
115.65	18.3
115.68	18.1
115.71	19.0
115.74	13.3
115.78	12.5
115.81	12.4
115.84	12.5
115.87	12.5
115.90	12.5
115.94	12.6
115.97	12.4
116.00	12.5
116.03	12.5
116.06	12.5
116.10	12.6
116.13	12.4
116.16	12.5
116.19	12.5
116.22	12.5
116.26	12.5
116.29	12.4
116.32	12.5
116.35	12.5
116.38	12.5
116.42	12.5
116.45	12.4
116.48	12.5
116.51	12.6
116.54	10.5
116.58	7.8
116.61	7.7
116.64	2.9
116.67	8.1
116.70	13.3
116.74	11.3
116.77	8.3
116.80	8.5
116.83	8.5
116.86	12.5
116.90	15.4
116.93	12.4
116.96	11.6
116.99	7.7
117.02	8.5
117.06	3.3
117.09	5.9
117.12	12.9
117.15	12.9
117.18	7.8
117.22	8.9
117.25	8.5
117.28	11.4
117.31	18.0
117.34	18.4
117.38	18.1
117.41	15.5
117.44	12.5
117.47	12.5
117.50	12.5
117.54	12.5
117.57	12.4
117.60	12.5
117.63	12.5
117.66	12.5
117.70	12.5
117.73	12.4
117.76	12.5
117.79	12.5
117.82	12.5
117.86	12.5
117.89	12.4
117.92	12.5
117.95	12.5
117.98	12.5
118.02	12.5
118.05	12.1
118.08	8.0
118.11	8.3
118.14	4.0
118.18	5.0
118.21	12.4
118.24	13.4
118.27	13.2
118.30	10.5
118.34	8.7
118.37	8.7
118.40	8.7
118.43	13.5
118.46	18.8
118.50	19.1
118.53	18.6
118.56	12.9
118.59	12.5
118.62	12.5
118.66	12.5
118.69	12.4
118.72	12.5
118.75	12.5
118.78	12.5
118.82	12.5
118.85	8.2
118.88	8.0
118.91	4.8
118.94	4.4
118.98	11.7
119.01	13.3
119.04	8.5
119.07	8.9
119.10	8.4
119.14	10.3
119.17	16.0
119.20	18.2
119.23	17.1
119.26	12.5
119.30	12.5
119.33	12.4
119.36	12.5
119.39	12.5
119.42	12.5
119.46	12.5
119.49	12.4
119.52	12.5
119.55	12.5
119.58	12.5
119.62	12.5
119.65	12.4
119.68	12.5
119.71	12.5
119.74	12.5
119.78	12.5
119.81	12.4
119.84	12.5
119.87	12.5
119.90	12.5
119.94	12.5
119.97	12.4
120.00	12.5
120.03	12.5
120.06	12.5
120.10	12.6
120.13	12.4
120.16	12.5
120.19	12.5
120.22	10.5
120.26	7.9
120.29	7.6
120.32	2.8
120.35	8.1
120.38	13.3
120.42	11.3
120.45	8.4
120.48	8.5
120.51	8.5
120.54	12.5
120.58	15.4
120.61	12.4
120.64	11.6
120.67	7.7
120.70	8.5
120.74	3.3
120.77	5.9
120.80	12.9
120.83	12.9
120.86	7.8
120.90	8.9
120.93	8.5
120.96	10.9
120.99	17.9
121.02	18.1
121.06	15.8
121.09	12.4
121.12	12.5
121.15	12.5
121.18	12.2
121.22	7.9
121.25	8.0
121.28	9.3
121.31	7.7
121.34	5.9
121.38	2.5
121.41	2.4
121.44	2.5
121.47	2.5
121.50	2.5
121.54	2.5
121.57	2.4
121.60	2.5
121.63	2.5
121.66	2.5
121.70	2.5
121.73	2.4
121.76	2.5
121.79	2.5
121.82	2.5
121.86	2.5
121.89	2.4
121.92	2.5
121.95	2.5
121.98	2.5
122.02	2.5
122.05	2.4
122.08	2.5
122.11	2.5
122.14	2.5
122.18	2.5
122.21	2.4
122.24	2.5
122.27	2.5
122.30	2.5
122.34	2.5
122.37	2.4
122.40	2.5
122.43	2.5
122.46	2.5
122.50	2.5
122.53	2.4
122.56	2.5
122.59	2.5
122.62	2.5
122.66	2.5
122.69	2.4
122.72	2.5
122.75	2.5
122.78	2.5
122.82	2.5
122.85	2.4
122.88	2.5
122.91	2.5
122.94	2.5
122.98	2.5
123.01	2.4
123.04	2.5
123.07	2.5
123.10	2.5
123.14	2.5
123.17	2.4
123.20	2.5
123.23	2.5
123.26	2.5
123.30	2.5
123.33	2.4
123.36	2.5
123.39	2.5
123.42	2.5
123.46	2.5
123.49	2.4
123.52	2.5
123.55	2.5
123.58	2.5
123.62	2.5
123.65	2.4
123.68	2.5
123.71	2.5
123.74	2.5
123.78	2.5
123.81	2.4
123.84	2.5
123.87	2.5
123.90	2.5
123.94	2.5
123.97	2.4
124.00	2.5
124.03	2.5
124.06	2.5
124.10	2.5
124.13	2.4
124.16	2.5
124.19	2.5
124.22	2.5
124.26	2.5
124.29	2.4
124.32	2.5
124.35	2.5
124.38	2.5
124.42	2.5
124.45	2.4
124.48	2.5
124.51	2.5
124.54	2.5
124.58	2.5
124.61	2.4
124.64	2.5
124.67	2.5
124.70	2.5
124.74	2.5
124.77	2.4
124.80	2.5
124.83	2.5
124.86	2.5
124.90	2.5
124.93	2.4
124.96	2.5
124.99	2.5
125.02	2.5
125.06	2.5
125.09	2.4
125.12	2.5
125.15	2.5
125.18	2.5
125.22	2.5
125.25	2.4
125.28	2.5
125.31	2.5
125.34	2.5
125.38	2.5
125.41	2.4
125.44	2.5
125.47	2.5
125.50	2.5
125.54	2.5
125.57	2.4
125.60	2.5
125.63	2.5
125.66	2.5
125.70	2.5
125.73	2.4
125.76	2.5
125.79	2.5
125.82	2.5
125.86	2.5
125.89	2.4
125.92	2.5
125.95	2.5
125.98	2.5
126.02	2.5
126.05	2.4
126.08	2.5
126.11	2.5
126.14	2.5
126.18	2.5
126.21	2.4
126.24	2.5
126.27	2.5
126.30	2.5
126.34	2.5
126.37	2.4
126.40	2.5
126.43	2.5
126.46	2.5
126.50	2.5
126.53	2.4
126.56	2.5
126.59	2.5
126.62	2.5
126.66	2.5
126.69	2.4
126.72	2.5
126.75	2.5
126.78	2.5
126.82	2.5
126.85	2.4
126.88	2.5
126.91	2.5
126.94	2.5
126.98	2.5
127.01	2.4
127.04	2.5
127.07	2.5
127.10	2.5
127.14	2.5
127.17	2.4
127.20	2.5
127.23	2.5
127.26	2.5
127.30	2.5
127.33	2.4
127.36	2.5
127.39	2.5
127.42	2.5
127.46	2.5
127.49	2.4
127.52	2.5
127.55	2.5
127.58	2.5
127.62	2.5
127.65	2.4
127.68	2.5
127.71	2.5
127.74	2.5
127.78	2.5
127.81	2.4
127.84	2.5
127.87	2.5
127.90	2.5
127.94	2.5
127.97	2.4
128.00	2.5
128.03	2.5
128.06	2.5
128.10	2.5
128.13	2.4
128.16	2.5
128.19	2.5
128.22	2.5
128.26	2.5
128.29	2.4
128.32	2.5
128.35	2.5
128.38	2.5
128.42	2.5
128.45	2.4
128.48	2.5
128.51	2.5
128.54	2.5
128.58	2.5
128.61	2.4
128.64	2.5
128.67	2.5
128.70	2.5
128.74	2.5
128.77	2.4
128.80	2.5
128.83	2.5
128.86	2.5
128.90	2.5
128.93	2.4
128.96	2.5
128.99	2.5
129.02	2.5
129.06	2.5
129.09	2.4
129.12	2.5
129.15	2.5
129.18	2.5
129.22	2.5
129.25	2.4
129.28	2.5
129.31	2.5
129.34	2.5
129.38	2.5
129.41	2.4
129.44	2.5
129.47	2.5
129.50	2.5
129.54	2.5
129.57	2.4
129.60	2.5
129.63	2.5
129.66	2.5
129.70	2.5
129.73	2.4
129.76	2.5
129.79	2.5
129.82	2.5
129.86	2.5
129.89	2.4
129.92	2.5
129.95	2.5
129.98	2.5
130.02	2.5
130.05	2.4
130.08	2.5
130.11	2.5
130.14	4.9
130.18	8.3
130.21	8.1
130.24	8.2
130.27	8.9
130.30	8.4
130.34	8.5
130.37	8.4
130.40	8.6
130.43	9.9
130.46	10.3
130.50	9.9
130.53	8.6
130.56	6.3
130.59	2.5
130.62	2.5
130.66	2.5
130.69	2.4
130.72	2.5
130.75	2.5
130.78	2.5
130.82	2.5
130.85	2.4
130.88	2.5
130.91	2.5
130.94	2.5
130.98	2.5
131.01	2.4
131.04	2.5
131.07	2.5
131.10	2.5
131.14	2.5
131.17	2.4
131.20	2.5
131.23	2.5
131.26	2.5
131.30	2.5
131.33	2.4
131.36	2.5
131.39	2.5
131.42	2.5
131.46	2.5
131.49	2.4
131.52	2.5
131.55	2.5
131.58	2.5
131.62	2.5
131.65	2.4
131.68	2.5
131.71	2.5
131.74	2.5
131.78	2.5
131.81	2.4
131.84	2.5
131.87	2.5
131.90	2.5
131.94	2.5
131.97	2.4
132.00	2.5
132.03	2.5
132.06	2.5
132.10	2.5
132.13	2.4
132.16	2.5
132.19	2.5
132.22	2.5
132.26	2.5
132.29	2.4
132.32	2.5
132.35	2.5
132.38	2.5
132.42	2.5
132.45	2.4
132.48	2.5
132.51	2.5
132.54	2.5
132.58	2.5
132.61	2.4
132.64	2.5
132.67	2.5
132.70	2.5
132.74	2.5
132.77	2.4
132.80	2.5
132.83	2.5
132.86	2.5
132.90	2.5
132.93	2.4
132.96	2.5
132.99	2.5
133.02	2.5
133.06	2.5
133.09	2.4
133.12	2.5
133.15	2.5
133.18	2.5
133.22	2.5
133.25	2.4
133.28	2.5
133.31	2.5
133.34	2.5
133.38	2.5
133.41	2.4
133.44	2.5
133.47	2.5
133.50	2.5
133.54	2.5
133.57	2.4
133.60	2.5
133.63	2.5
133.66	2.5
133.70	2.5
133.73	2.4
133.76	2.5
133.79	2.5
133.82	2.5
133.86	2.5
133.89	2.4
133.92	2.5
133.95	2.5
133.98	2.5
134.02	2.5
134.05	2.4
134.08	2.5
134.11	2.5
134.14	2.5
134.18	2.5
134.21	2.4
134.24	2.5
134.27	2.5
134.30	2.5
134.34	2.5
134.37	2.4
134.40	2.5
134.43	2.5
134.46	2.5
134.50	2.5
134.53	2.4
134.56	2.5
134.59	2.5
134.62	2.5
134.66	2.5
134.69	2.4
134.72	2.5
134.75	2.5
134.78	2.5
134.82	2.5
134.85	2.4
134.88	2.5
134.91	2.5
134.94	2.5
134.98	2.5
135.01	2.4
135.04	2.5
135.07	2.5
135.10	2.5
135.14	2.5
135.17	2.4
135.20	2.5
135.23	2.5
135.26	2.5
135.30	2.5
135.33	2.3
135.36	2.5
135.39	2.5
135.42	2.5
135.46	2.5
135.49	2.4
135.52	2.5
135.55	2.5
135.58	2.5
135.62	2.5
135.65	2.4
135.68	2.5
135.71	2.5
135.74	2.5
135.78	2.5
135.81	2.4
135.84	2.5
135.87	2.5
135.90	2.5
135.94	2.5
135.97	2.4
136.00	2.5
136.03	2.5
136.06	2.5
136.10	2.5
136.13	2.4
136.16	2.5
136.19	2.5
136.22	2.5
136.26	2.5
136.29	2.4
136.32	2.5
136.35	2.5
136.38	2.5
136.42	2.5
136.45	2.4
136.48	2.5
136.51	2.5
136.54	2.5
136.58	2.5
136.61	2.4
136.64	2.5
136.67	2.5
136.70	2.5
136.74	2.5
136.77	2.4
136.80	2.5
136.83	2.5
136.86	2.5
136.90	2.5
136.93	2.4
136.96	2.5
136.99	2.5
137.02	2.5
137.06	2.5
137.09	2.4
137.12	2.5
137.15	2.5
137.18	2.5
137.22	2.5
137.25	2.4
137.28	2.5
137.31	2.5
137.34	2.5
137.38	2.5
137.41	2.4
137.44	2.5
137.47	2.5
137.50	2.5
137.54	2.5
137.57	2.4
137.60	2.5
137.63	2.5
137.66	2.5
137.70	2.5
137.73	2.4
137.76	2.5
137.79	2.5
137.82	2.5
137.86	2.5
137.89	2.3
137.92	2.5
137.95	2.5
137.98	2.5
138.02	2.5
138.05	2.4
138.08	2.5
138.11	2.5
138.14	2.5
138.18	2.5
138.21	2.4
138.24	2.5
138.27	2.5
138.30	2.5
138.34	2.5
138.37	2.4
138.40	2.5
138.43	2.5
138.46	2.5
138.50	2.5
138.53	2.4
138.56	2.5
138.59	2.5
138.62	2.5
138.66	2.5
138.69	2.4
138.72	2.5
138.75	2.5
138.78	2.5
138.82	2.5
138.85	2.4
138.88	2.5
138.91	2.5
138.94	2.5
138.98	2.5
139.01	2.4
139.04	2.5
139.07	2.5
139.10	2.5
139.14	2.5
139.17	2.4
139.20	2.5
139.23	2.5
139.26	2.5
139.30	2.5
139.33	2.4
139.36	2.5
139.39	2.5
139.42	2.5
139.46	2.5
139.49	2.4
139.52	2.5
139.55	2.5
139.58	2.5
139.62	2.5
139.65	2.4
139.68	2.5
139.71	2.5
139.74	2.5
139.78	2.5
139.81	2.4
139.84	2.5
139.87	2.5
139.90	2.5
139.94	2.5
139.97	2.4
140.00	2.5
140.03	2.5
140.06	2.5
140.10	2.5
140.13	2.4
140.16	2.5
140.19	2.5
140.22	2.5
140.26	2.5
140.29	2.4
140.32	2.5
140.35	2.5
140.38	2.5
140.42	2.5
140.45	2.4
140.48	2.5
140.51	2.5
140.54	2.5
140.58	2.5
140.61	2.4
140.64	2.5
140.67	2.5
140.70	2.5
140.74	2.5
140.77	2.4
140.80	2.5
140.83	2.5
140.86	2.5
140.90	2.5
140.93	2.4
140.96	2.5
140.99	2.5
141.02	2.5
141.06	2.5
141.09	2.4
141.12	2.5
141.15	2.5
141.18	2.5
141.22	2.5
141.25	2.4
141.28	2.5
141.31	2.5
141.34	2.5
141.38	2.5
141.41	2.4
141.44	2.5
141.47	2.5
141.50	2.5
141.54	2.5
141.57	2.4
141.60	2.5
141.63	2.5
141.66	2.5
141.70	2.5
141.73	2.4
141.76	2.5
141.79	2.5
141.82	2.5
141.86	2.5
141.89	2.4
141.92	2.5
141.95	2.5
141.98	2.5
142.02	2.5
142.05	2.4
142.08	2.5
142.11	2.5
142.14	2.5
142.18	2.5
142.21	2.4
142.24	2.5
142.27	2.5
142.30	2.5
142.34	2.5
142.37	2.4
142.40	2.5
142.43	2.5
142.46	2.5
142.50	2.5
142.53	2.4
142.56	2.5
142.59	2.5
142.62	2.5
142.66	2.5
142.69	2.4
142.72	2.5
142.75	2.5
142.78	2.5
142.82	2.5
142.85	2.3
142.88	2.5
142.91	2.5
142.94	2.5
142.98	2.5
143.01	2.4
143.04	2.5
143.07	2.5
143.10	2.5
143.14	2.5
143.17	2.4
143.20	2.5
143.23	2.5
143.26	2.5
143.30	2.5
143.33	2.4
143.36	2.5
143.39	2.5
143.42	2.5
143.46	2.5
143.49	2.4
143.52	2.5
143.55	2.5
143.58	2.5
143.62	2.5
143.65	2.4
143.68	2.5
143.71	2.5
143.74	2.5
143.78	2.5
143.81	2.4
143.84	2.5
143.87	2.5
143.90	2.5
143.94	2.5
143.97	2.4
144.00	2.5
144.03	2.5
144.06	2.5
144.10	2.5
144.13	2.4
144.16	2.5
144.19	2.5
144.22	2.5
144.26	2.5
144.29	2.4
144.32	2.5
144.35	2.5
144.38	2.5
144.42	2.5
144.45	2.4
144.48	2.5
144.51	2.5
144.54	2.5
144.58	2.5
144.61	2.4
144.64	2.5
144.67	2.5
144.70	2.5
144.74	2.5
144.77	2.4
144.80	2.5
144.83	2.5
144.86	2.5
144.90	2.5
144.93	2.4
144.96	2.5
144.99	2.5
145.02	2.5
145.06	2.5
145.09	2.4
145.12	2.5
145.15	2.5
145.18	2.5
145.22	2.5
145.25	2.4
145.28	2.5
145.31	2.5
145.34	2.5
145.38	2.5
145.41	2.4
145.44	2.5
145.47	2.5
145.50	2.5
145.54	2.5
145.57	2.4
145.60	2.5
145.63	2.5
145.66	2.5
145.70	2.5
145.73	2.4
145.76	2.5
145.79	2.5
145.82	2.5
145.86	2.5
145.89	2.4
145.92	2.5
145.95	2.5
145.98	2.5
146.02	2.5
146.05	2.4
146.08	2.5
146.11	2.5
146.14	2.5
146.18	2.5
146.21	2.4
146.24	2.5
146.27	2.5
146.30	2.5
146.34	2.5
146.37	2.4
146.40	2.5
146.43	2.5
146.46	2.5
146.50	2.5
146.53	2.4
146.56	2.5
146.59	2.5
146.62	2.5
146.66	2.5
146.69	2.4
146.72	2.5
146.75	2.5
146.78	2.5
146.82	2.5
146.85	2.4
146.88	2.5
146.91	2.5
146.94	2.5
146.98	2.5
147.01	2.4
147.04	2.5
147.07	2.5
147.10	2.5
147.14	2.5
147.17	2.4
147.20	2.5
147.23	2.5
147.26	2.5
147.30	2.5
147.33	2.4
147.36	2.5
147.39	2.5
147.42	2.5
147.46	2.5
147.49	2.4
147.52	2.5
147.55	2.5
147.58	2.5
147.62	2.5
147.65	2.4
147.68	2.5
147.71	2.5
147.74	2.5
147.78	2.5
147.81	2.4
147.84	2.5
147.87	2.5
147.90	2.5
147.94	2.5
147.97	2.4
148.00	2.5
148.03	2.5
148.06	2.5
148.10	2.5
148.13	2.4
148.16	2.5
148.19	2.5
148.22	2.5
148.26	2.5
148.29	2.4
148.32	2.5
148.35	2.5
148.38	2.5
148.42	2.5
148.45	2.4
148.48	2.5
148.51	2.5
148.54	2.5
148.58	2.5
148.61	2.4
148.64	2.5
148.67	2.5
148.70	2.5
148.74	2.5
148.77	2.3
148.80	2.5
148.83	2.5
148.86	2.5
148.90	2.5
148.93	2.4
148.96	2.5
148.99	2.5
149.02	2.5
149.06	2.5
149.09	2.4
149.12	2.5
149.15	2.5
149.18	2.5
149.22	2.5
149.25	2.3
149.28	2.5
149.31	2.5
149.34	2.5
149.38	2.5
149.41	2.4
149.44	2.5
149.47	2.5
149.50	2.5
149.54	2.5
149.57	2.4
149.60	2.5
149.63	2.5
149.66	2.5
149.70	2.5
149.73	2.4
149.76	2.5
149.79	2.5
149.82	2.5
149.86	2.5
149.89	2.4
149.92	2.5
149.95	2.5
149.98	2.5
